20
40

0 9
0 17
1 11
1 16
1 18
1 19
2 5
2 6
2 14
2 18
3 11
4 7
4 9
4 12
5 10
5 11
5 13
5 17
6 10
7 19
8 13
8 17
9 12
9 19
10 16
10 19
11 18
15 19


1  torch.Size([96, 144, 32, 32])
2  torch.Size([96, 144, 32, 32])
3  torch.Size([96, 144, 32, 32])
4  torch.Size([96, 144, 32, 32])
5  torch.Size([96, 144, 32, 32])
6  torch.Size([96, 288, 16, 16])
7   torch.Size([96, 288, 16, 16])
8   torch.Size([96, 288, 16, 16])
9   torch.Size([96, 288, 16, 16])
10  torch.Size([96, 288, 16, 16])
11  torch.Size([96, 288, 16, 16])
12  torch.Size([96, 288, 16, 16])
13  torch.Size([96, 576, 8, 8])
14  torch.Size([96, 576, 8, 8])
15  torch.Size([96, 576, 8, 8])
16  torch.Size([96, 576, 8, 8])
17  torch.Size([96, 576, 8, 8])
18  torch.Size([96, 576, 8, 8])
19  torch.Size([96, 576, 8, 8])
20  torch.Size([96, 576, 8, 8])